Number epochs : 1
Learning rate(init) : 0.001000
L2 regularization lambda: 0.010000
Dropout rate: 0.200000

              precision    recall  f1-score   support

           0   0.000000  0.000000  0.000000         0
           1   0.000000  0.000000  0.000000         0
           2   0.000000  0.000000  0.000000         3
           3   0.000000  0.000000  0.000000         0
           4   0.000000  0.000000  0.000000         0
           5   0.000000  0.000000  0.000000         0
           6   0.000000  0.000000  0.000000         0
           7   0.000000  0.000000  0.000000         0
           8   0.000000  0.000000  0.000000         0
           9   0.000000  0.000000  0.000000         1
          10   0.000000  0.000000  0.000000         0
          11   0.000000  0.000000  0.000000         0
          12   0.000000  0.000000  0.000000         0
          13   0.000000  0.000000  0.000000         0
          14   0.000000  0.000000  0.000000         5
          15   0.000000  0.000000  0.000000         1
          16   0.000000  0.000000  0.000000         6
          17   0.000000  0.000000  0.000000         0
          18   0.000000  0.000000  0.000000         1
          19   0.000000  0.000000  0.000000         0
          20   0.000000  0.000000  0.000000         0
          21   0.000000  0.000000  0.000000         0
          22   0.000000  0.000000  0.000000         0
          23   0.000000  0.000000  0.000000         0
          24   0.000000  0.000000  0.000000         0
          25   0.000000  0.000000  0.000000         0
          26   0.000000  0.000000  0.000000         1
          27   0.000000  0.000000  0.000000         0
          28   0.000000  0.000000  0.000000         1
          29   0.000000  0.000000  0.000000         0
          30   0.000000  0.000000  0.000000         1
          31   0.000000  0.000000  0.000000         2
          32   0.000000  0.000000  0.000000         5
          33   0.000000  0.000000  0.000000         0
          34   0.000000  0.000000  0.000000         0
          35   0.000000  0.000000  0.000000         2
          36   0.000000  0.000000  0.000000         1
          37   0.000000  0.000000  0.000000         0
          38   0.000000  0.000000  0.000000         0
          39   0.000000  0.000000  0.000000         0
          40   0.000000  0.000000  0.000000         0
          41   0.000000  0.000000  0.000000         0
          42   0.000000  0.000000  0.000000        10
          43   0.000000  0.000000  0.000000         0
          44   0.000000  0.000000  0.000000         0
          45   0.000000  0.000000  0.000000         0
          46   0.000000  0.000000  0.000000         2
          47   0.000000  0.000000  0.000000         0
          48   0.000000  0.000000  0.000000         3
          49   0.000000  0.000000  0.000000         2
          50   0.000000  0.000000  0.000000         1
          51   0.000000  0.000000  0.000000         0
          52   0.000000  0.000000  0.000000         0
          53   0.000000  0.000000  0.000000         1
          54   0.000000  0.000000  0.000000         0
          55   0.000000  0.000000  0.000000         0
          56   0.000000  0.000000  0.000000         0
          57   0.000000  0.000000  0.000000         0
          58   0.000000  0.000000  0.000000         0
          59   0.000000  0.000000  0.000000         5
          60   0.000000  0.000000  0.000000         0
          61   0.000000  0.000000  0.000000        40
          62   0.000000  0.000000  0.000000         0
          63   0.000000  0.000000  0.000000         0
          64   0.000000  0.000000  0.000000        92
          65   0.000000  0.000000  0.000000         0
          66   0.000000  0.000000  0.000000         1
          67   0.000000  0.000000  0.000000         1
          68   0.000000  0.000000  0.000000         3
          69   0.000000  0.000000  0.000000         4
          70   0.000000  0.000000  0.000000         0
          71   0.000000  0.000000  0.000000         0
          72   0.000000  0.000000  0.000000         3
          73   0.000000  0.000000  0.000000         3
          74   0.000000  0.000000  0.000000         0
          75   0.000000  0.000000  0.000000         1
          76   0.000000  0.000000  0.000000         0
          77   0.000000  0.000000  0.000000         0
          78   0.000000  0.000000  0.000000         0
          79   0.000000  0.000000  0.000000         0
          80   0.000000  0.000000  0.000000         4
          81   0.000000  0.000000  0.000000         0
          82   0.000000  0.000000  0.000000         0
          83   0.000000  0.000000  0.000000         0
          84   0.500000  0.200000  0.285714         5
          85   0.000000  0.000000  0.000000         0
          86   0.000000  0.000000  0.000000         0
          87   0.000000  0.000000  0.000000         0
          88   0.000000  0.000000  0.000000         0
          89   0.000000  0.000000  0.000000         3
          90   0.000000  0.000000  0.000000         0
          91   0.000000  0.000000  0.000000         7
          92   0.000000  0.000000  0.000000         0
          93   0.000000  0.000000  0.000000         0
          94   0.000000  0.000000  0.000000         5
          95   0.000000  0.000000  0.000000         0
          96   0.000000  0.000000  0.000000         0
          97   0.000000  0.000000  0.000000         0
          98   0.000000  0.000000  0.000000         0
          99   0.000000  0.000000  0.000000         0
         100   0.000000  0.000000  0.000000         0
         101   0.000000  0.000000  0.000000         0

    accuracy                       0.004425       226
   macro avg   0.004902  0.001961  0.002801       226
weighted avg   0.011062  0.004425  0.006321       226
Top 1 : 0.442478
Top 3 : 3.539823
Top 5 : 5.309734
Geometric mean : 0.000000
